0 54.6
1 57.3
2 56.9
3 56.4
4 56.7
5 57.7
6 56.5
7 57.1
8 56.7
9 57.2
10 56.7
11 55.8
12 56.7
13 57.1
14 57.0
15 56.9
16 56.2
17 57.5
18 56.9
19 56.6
20 57.0
21 56.8
22 56.6
23 57.1
24 56.9
25 56.9
26 56.7
27 56.9
28 56.9
29 57.0
30 56.9
31 56.7
32 56.9
33 56.7
34 56.9
35 56.9
36 56.7
37 56.9
38 57.0
39 56.8
40 56.9
41 56.6
42 57.2
43 56.9
44 55.7
45 56.7
46 57.0
47 56.7
48 56.4
49 57.6
50 56.6
51 57.1
52 56.9
53 56.9
54 56.8
55 56.2
56 56.3
57 57.4
58 56.8
59 56.9
60 56.5
61 57.4
62 56.6
63 57.1
64 56.6
65 56.8
66 56.5
67 57.1
68 56.5
69 57.2
70 56.3
71 57.5
72 56.7
73 56.9
74 56.9
75 56.7
76 56.9
77 56.5
78 57.1
79 56.7
80 57.1
81 56.7
82 57.0
83 56.7
84 56.0
85 58.0
86 56.9
87 56.8
88 56.4
89 56.9
90 56.9
91 56.6
92 57.2
93 56.1
94 57.5
95 57.0
96 56.8
97 56.8
98 56.8
99 56.5
100 56.9
101 56.8
102 57.2
103 56.8
104 56.9
105 56.5
106 56.6
107 57.2
108 57.1
109 56.9
110 56.7
111 56.9
112 56.4
113 56.8
114 57.2
115 56.9
116 57.1
117 57.0
118 56.9
119 56.2
120 56.9
121 55.5
122 57.1
123 56.6
124 57.2
125 56.6
126 56.8
127 57.0
128 57.1
129 56.9
130 56.4
131 56.8
132 55.0
133 56.9
134 56.7
135 56.8
136 57.1
137 56.7
138 57.1
139 56.4
140 57.3
141 56.8
142 56.7
143 55.7
144 56.8
145 57.0
146 56.7
147 57.0
148 56.7
149 56.9
150 56.7
151 57.2
152 56.5
153 56.8
154 55.6
155 57.4
156 56.5
157 57.1
158 57.1
159 56.4
160 57.3
161 57.0
162 56.9
163 56.8
164 56.8
165 56.1
166 56.8
167 57.2
168 57.2
169 56.8
170 57.0
171 56.9
172 56.9
173 56.9
174 56.3
175 56.8
176 56.4
177 56.9
178 56.8
179 56.9
180 56.6
181 56.9
182 57.1
183 56.7
184 56.1
185 57.8
186 56.8
187 56.6
188 56.6
189 56.9
190 56.9
191 56.7
192 57.1
193 56.3
194 57.0
195 57.2
196 57.0
197 56.8
198 56.7
199 56.6
200 56.6
201 57.3
202 56.7
203 56.8
204 57.0
205 57.1
206 56.8
207 57.0
208 56.9
209 56.5
210 56.8
211 57.1
212 56.9
213 56.9
214 56.5
215 57.2
216 56.9
217 56.5
218 56.9
219 56.9
