0 55.6
1 56.9
2 55.5
3 57.5
4 56.9
5 56.9
6 56.9
7 56.9
8 56.9
9 56.7
10 56.7
11 55.6
12 56.9
13 56.9
14 56.9
15 56.8
16 57.0
17 56.9
18 56.6
19 57.0
20 56.9
21 56.8
22 54.7
23 56.9
24 56.9
25 56.7
26 57.1
27 56.6
28 57.1
29 57.0
30 56.9
31 56.7
32 56.7
33 56.3
34 56.2
35 55.7
36 57.3
37 55.4
38 58.2
39 57.0
40 56.9
41 56.7
42 54.8
43 56.6
44 56.2
45 48.9
46 58.0
47 56.9
48 56.6
49 57.2
50 56.6
51 57.1
52 56.5
53 57.2
54 56.1
55 56.8
56 57.0
57 56.9
58 56.7
59 56.9
60 57.1
61 56.5
62 57.2
63 56.9
64 56.6
65 56.9
66 53.9
67 55.4
68 57.5
69 56.2
70 57.3
71 57.0
72 56.2
73 57.7
74 56.8
75 57.0
76 56.5
77 55.4
78 55.0
79 57.8
80 57.2
81 56.8
82 57.0
83 56.9
84 56.6
85 57.0
86 56.9
87 56.6
88 56.9
89 56.8
90 56.9
91 55.9
92 57.9
93 57.0
94 56.9
95 56.7
96 57.1
97 56.7
98 56.9
99 56.8
100 56.7
101 57.1
102 56.7
103 56.9
104 56.7
105 57.1
106 56.9
107 56.6
108 57.0
109 56.9
110 55.6
111 57.5
112 56.7
113 56.9
114 56.6
115 57.1
116 57.1
117 56.8
118 57.0
119 56.8
120 56.8
121 55.5
122 57.3
123 56.9
124 56.5
125 57.3
126 56.5
127 57.2
128 56.9
129 56.9
130 56.9
131 56.8
132 56.6
133 56.9
134 56.9
135 56.9
136 56.9
137 55.8
138 57.9
139 56.9
140 56.8
141 57.0
142 56.8
143 56.5
144 56.5
145 57.1
146 56.9
147 56.9
148 56.9
149 56.9
150 56.0
151 57.3
152 57.3
153 56.8
154 56.9
155 56.9
156 56.6
157 57.1
158 56.7
159 57.0
160 57.1
161 56.6
162 56.5
163 57.6
164 56.9
165 55.5
166 56.8
167 56.3
168 57.4
169 56.8
170 56.9
171 56.6
172 57.1
173 56.9
174 56.9
175 56.7
176 53.4
177 57.0
178 56.9
179 56.7
180 56.9
181 56.4
182 57.2
183 57.0
184 57.0
185 56.9
186 56.5
187 56.6
188 56.7
189 57.1
190 55.6
191 58.2
192 56.9
193 56.4
194 57.3
195 56.8
196 57.0
197 56.9
198 55.8
199 56.9
200 56.7
201 57.1
202 56.9
203 56.8
204 57.1
205 56.9
206 55.4
207 58.3
208 56.8
209 55.3
210 56.9
211 56.8
212 56.9
213 56.2
214 56.9
215 56.9
216 56.9
217 56.9
218 56.9
219 56.7
