0 56.1
1 56.8
2 56.9
3 56.9
4 56.5
5 57.1
6 56.7
7 57.3
8 56.8
9 57.0
10 56.8
11 54.6
12 56.9
13 56.9
14 56.9
15 54.5
16 59.3
17 56.9
18 56.2
19 57.4
20 56.9
21 56.7
22 56.0
23 56.8
24 57.0
25 57.0
26 56.9
27 56.9
28 56.0
29 57.3
30 57.4
31 56.7
32 56.8
33 55.3
34 56.3
35 57.0
36 56.0
37 57.6
38 57.1
39 56.9
40 56.7
41 57.0
42 56.9
43 56.7
44 56.6
45 56.8
46 56.8
47 56.6
48 57.3
49 56.8
50 57.0
51 56.7
52 57.1
53 56.7
54 56.9
55 56.7
56 56.3
57 57.4
58 56.6
59 56.9
60 57.2
61 56.9
62 56.9
63 56.7
64 57.0
65 56.9
66 56.6
67 56.5
68 57.5
69 55.7
70 57.9
71 57.2
72 56.6
73 56.8
74 55.9
75 57.9
76 56.9
77 55.1
78 56.8
79 56.9
80 56.6
81 57.0
82 56.9
83 56.9
84 56.9
85 56.8
86 57.0
87 56.7
88 56.5
89 56.9
90 56.5
91 57.2
92 56.3
93 57.1
94 56.9
95 56.7
96 57.2
97 56.6
98 56.8
99 56.4
100 56.8
101 57.0
102 57.0
103 56.9
104 56.6
105 57.2
106 56.7
107 56.9
108 56.1
109 56.9
110 56.9
111 56.9
112 56.6
113 57.2
114 56.6
115 57.1
116 56.7
117 57.0
118 56.7
119 56.5
120 56.9
121 56.7
122 56.8
123 57.0
124 56.9
125 56.7
126 57.1
127 56.6
128 56.5
129 57.5
130 56.9
131 56.9
132 56.8
133 56.7
134 57.1
135 56.5
136 57.1
137 57.0
138 57.0
139 56.9
140 56.8
141 56.9
142 56.9
143 56.7
144 56.7
145 56.9
146 56.9
147 55.2
148 58.2
149 57.2
150 56.9
151 56.9
152 56.9
153 56.8
154 56.7
155 57.1
156 56.9
157 56.2
158 57.2
159 57.0
160 57.1
161 56.9
162 56.6
163 57.2
164 56.9
165 56.7
166 57.2
167 56.8
168 56.9
169 56.6
170 57.2
171 56.9
172 56.9
173 56.4
174 57.4
175 56.9
176 56.1
177 56.9
178 56.9
179 56.9
180 56.6
181 56.9
182 56.8
183 57.1
184 56.8
185 56.9
186 56.8
187 56.7
188 56.9
189 56.8
190 56.8
191 57.0
192 56.8
193 56.2
194 57.5
195 57.0
196 56.2
197 56.9
198 56.3
199 56.9
200 56.7
201 56.6
202 57.3
203 56.9
204 56.9
205 56.9
206 56.5
207 57.1
208 56.8
209 56.3
210 56.9
211 56.0
212 57.6
213 56.3
214 57.3
215 57.0
216 57.1
217 56.8
218 57.0
219 56.8
