1.0 56.1
2.0 56.8
3.0 56.9
4.0 56.9
5.0 56.5
6.0 57.1
7.0 56.7
8.0 57.3
9.0 56.8
10.0 57.0
10.2 56.8
1.0 54.6
2.0 56.9
3.0 56.9
4.0 56.9
5.0 54.5
6.0 59.3
7.0 56.9
8.0 56.2
9.0 57.4
10.0 56.9
10.1 56.7
1.0 56.0
2.0 56.8
3.0 57.0
4.0 57.0
5.0 56.9
6.0 56.9
7.0 56.0
8.0 57.3
9.0 57.4
10.0 56.7
10.2 56.8
1.0 55.3
2.0 56.3
3.0 57.0
4.0 56.0
5.0 57.6
6.0 57.1
7.0 56.9
8.0 56.7
9.0 57.0
10.0 56.9
10.1 56.7
1.0 56.6
2.0 56.8
3.0 56.8
4.0 56.6
5.0 57.3
6.0 56.8
7.0 57.0
8.0 56.7
9.0 57.1
10.0 56.7
10.2 56.9
1.0 56.7
2.0 56.3
3.0 57.4
4.0 56.6
5.0 56.9
6.0 57.2
7.0 56.9
8.0 56.9
9.0 56.7
10.0 57.0
10.2 56.9
1.0 56.6
2.0 56.5
3.0 57.5
4.0 55.7
5.0 57.9
6.0 57.2
7.0 56.6
8.0 56.8
9.0 55.9
10.0 57.9
10.2 56.9
1.0 55.1
2.0 56.8
3.0 56.9
4.0 56.6
5.0 57.0
6.0 56.9
7.0 56.9
8.0 56.9
9.0 56.8
10.0 57.0
10.1 56.7
1.0 56.5
2.0 56.9
3.0 56.5
4.0 57.2
5.0 56.3
6.0 57.1
7.0 56.9
8.0 56.7
9.0 57.2
10.0 56.6
10.3 56.8
1.0 56.4
2.0 56.8
3.0 57.0
4.0 57.0
5.0 56.9
6.0 56.6
7.0 57.2
8.0 56.7
9.0 56.9
10.0 56.1
10.2 56.9
1.0 56.9
2.0 56.9
3.0 56.6
4.0 57.2
5.0 56.6
6.0 57.1
7.0 56.7
8.0 57.0
9.0 56.7
10.0 56.5
10.2 56.9
1.0 56.7
2.0 56.8
3.0 57.0
4.0 56.9
5.0 56.7
6.0 57.1
7.0 56.6
8.0 56.5
9.0 57.5
10.0 56.9
10.3 56.9
1.0 56.8
2.0 56.7
3.0 57.1
4.0 56.5
5.0 57.1
6.0 57.0
7.0 57.0
8.0 56.9
9.0 56.8
10.0 56.9
10.3 56.9
1.0 56.7
2.0 56.7
3.0 56.9
4.0 56.9
5.0 55.2
6.0 58.2
7.0 57.2
8.0 56.9
9.0 56.9
10.0 56.9
10.2 56.8
1.0 56.7
2.0 57.1
3.0 56.9
4.0 56.2
5.0 57.2
6.0 57.0
7.0 57.1
8.0 56.9
9.0 56.6
10.0 57.2
10.3 56.9
1.0 56.7
2.0 57.2
3.0 56.8
4.0 56.9
5.0 56.6
6.0 57.2
7.0 56.9
8.0 56.9
9.0 56.4
10.0 57.4
10.2 56.9
1.0 56.1
2.0 56.9
3.0 56.9
4.0 56.9
5.0 56.6
6.0 56.9
7.0 56.8
8.0 57.1
9.0 56.8
10.0 56.9
10.2 56.8
1.0 56.7
2.0 56.9
3.0 56.8
4.0 56.8
5.0 57.0
6.0 56.8
7.0 56.2
8.0 57.5
9.0 57.0
10.0 56.2
10.3 56.9
1.0 56.3
2.0 56.9
3.0 56.7
4.0 56.6
5.0 57.3
6.0 56.9
7.0 56.9
8.0 56.9
9.0 56.5
10.0 57.1
10.1 56.8
1.0 56.3
2.0 56.9
3.0 56.0
4.0 57.6
5.0 56.3
6.0 57.3
7.0 57.0
8.0 57.1
9.0 56.8
10.0 57.0
10.2 56.8
