1.0 54.6
2.0 57.3
3.0 56.9
4.0 56.4
5.0 56.7
6.0 57.7
7.0 56.5
8.0 57.1
9.0 56.7
10.0 57.2
10.2 56.7
1.0 55.8
2.0 56.7
3.0 57.1
4.0 57.0
5.0 56.9
6.0 56.2
7.0 57.5
8.0 56.9
9.0 56.6
10.0 57.0
10.2 56.8
1.0 56.6
2.0 57.1
3.0 56.9
4.0 56.9
5.0 56.7
6.0 56.9
7.0 56.9
8.0 57.0
9.0 56.9
10.0 56.7
10.3 56.9
1.0 56.7
2.0 56.9
3.0 56.9
4.0 56.7
5.0 56.9
6.0 57.0
7.0 56.8
8.0 56.9
9.0 56.6
10.0 57.2
10.2 56.9
1.0 55.7
2.0 56.7
3.0 57.0
4.0 56.7
5.0 56.4
6.0 57.6
7.0 56.6
8.0 57.1
9.0 56.9
10.0 56.9
10.1 56.8
1.0 56.2
2.0 56.3
3.0 57.4
4.0 56.8
5.0 56.9
6.0 56.5
7.0 57.4
8.0 56.6
9.0 57.1
10.0 56.6
10.2 56.8
1.0 56.5
2.0 57.1
3.0 56.5
4.0 57.2
5.0 56.3
6.0 57.5
7.0 56.7
8.0 56.9
9.0 56.9
10.0 56.7
10.2 56.9
1.0 56.5
2.0 57.1
3.0 56.7
4.0 57.1
5.0 56.7
6.0 57.0
7.0 56.7
8.0 56.0
9.0 58.0
10.0 56.9
10.4 56.8
1.0 56.4
2.0 56.9
3.0 56.9
4.0 56.6
5.0 57.2
6.0 56.1
7.0 57.5
8.0 57.0
9.0 56.8
10.0 56.8
10.4 56.8
1.0 56.5
2.0 56.9
3.0 56.8
4.0 57.2
5.0 56.8
6.0 56.9
7.0 56.5
8.0 56.6
9.0 57.2
10.0 57.1
10.1 56.9
1.0 56.7
2.0 56.9
3.0 56.4
4.0 56.8
5.0 57.2
6.0 56.9
7.0 57.1
8.0 57.0
9.0 56.9
10.0 56.2
10.3 56.9
1.0 55.5
2.0 57.1
3.0 56.6
4.0 57.2
5.0 56.6
6.0 56.8
7.0 57.0
8.0 57.1
9.0 56.9
10.0 56.4
10.1 56.8
1.0 55.0
2.0 56.9
3.0 56.7
4.0 56.8
5.0 57.1
6.0 56.7
7.0 57.1
8.0 56.4
9.0 57.3
10.0 56.8
10.2 56.7
1.0 55.7
2.0 56.8
3.0 57.0
4.0 56.7
5.0 57.0
6.0 56.7
7.0 56.9
8.0 56.7
9.0 57.2
10.0 56.5
10.2 56.8
1.0 55.6
2.0 57.4
3.0 56.5
4.0 57.1
5.0 57.1
6.0 56.4
7.0 57.3
8.0 57.0
9.0 56.9
10.0 56.8
10.2 56.8
1.0 56.1
2.0 56.8
3.0 57.2
4.0 57.2
5.0 56.8
6.0 57.0
7.0 56.9
8.0 56.9
9.0 56.9
10.0 56.3
10.2 56.8
1.0 56.4
2.0 56.9
3.0 56.8
4.0 56.9
5.0 56.6
6.0 56.9
7.0 57.1
8.0 56.7
9.0 56.1
10.0 57.8
10.2 56.8
1.0 56.6
2.0 56.6
3.0 56.9
4.0 56.9
5.0 56.7
6.0 57.1
7.0 56.3
8.0 57.0
9.0 57.2
10.0 57.0
10.1 56.8
1.0 56.7
2.0 56.6
3.0 56.6
4.0 57.3
5.0 56.7
6.0 56.8
7.0 57.0
8.0 57.1
9.0 56.8
10.0 57.0
10.2 56.9
1.0 56.5
2.0 56.8
3.0 57.1
4.0 56.9
5.0 56.9
6.0 56.5
7.0 57.2
8.0 56.9
9.0 56.5
10.0 56.9
10.3 56.9
